39881
34179
29975
8618
16540
232
16470
17433
33605
55798
24136
26200
43226
48969
13601
46673
33872
16882
56469
28009
13097
9328
27756
34663
302
149
7007
9697
195
25344
17178
22554
9477
10904
6371
51135
17926
163
26264
40011
37694
18269
24443
16809
154
7812
42787
17345
33637
33121
53378
25172
41054
19977
10961
158
29658
30449
22650
63963
24250
6839
8692
163
11557
11351
51145
25820
12808
26711
40319
34083
369
213
11491
37542
16580
42385
12904
9586
24985
38749
60316
16638
21509
12657
17837
1831
39553
41154
23289
37630
38261
14958
13047
12394
147
19309
16455
