34197 1
17486 2
8663 3
7312 4
24351 5
360 6
30305 7
31337 8
24039 9
79656 10
44920 11
19998 12
65125 13
33464 14
12845 15
45744 16
37261 17
6623 18
65190 19
34892 20
11911 21
21299 22
28838 23
15935 24
181 25
455 26
8132 27
13585 28
194 29
28562 30
43918 31
28714 32
8299 33
18201 34
9160 35
22851 36
22238 37
175 38
47168 39
38288 40
60432 41
9538 42
36885 43
19159 44
224 45
13237 46
21017 47
17508 48
34217 49
104755 50
48214 51
29185 52
55865 53
56687 54
15682 55
186 56
62869 57
26400 58
22602 59
60676 60
11835 61
10005 62
6333 63
153 64
9113 65
12074 66
48838 67
39696 68
22654 69
29036 70
46416 71
43035 72
1013 73
792 74
38029 75
26002 76
22026 77
66731 78
20675 79
17962 80
72950 81
57829 82
80089 83
23594 84
7908 85
30119 86
18352 87
166 88
49782 89
121579 90
44798 91
37800 92
43701 93
17338 94
13859 95
8022 96
178 97
37982 98
18047 99
